chr	start	end	copy number	status	WilcoxonRankSumTestPvalue	KolmogorovSmirnovPvalue
1	0	2000000	7	gain	3.25870374865342e-07	2.50336529283857e-10
1	6100000	6750000	8	gain	6.23555113371728e-06	1.98656930239238e-07
1	6750000	7700000	1	loss	0.00013324689795326	0.000681509920928747
1	7700000	14150000	10	gain	8.33418966822516e-14	0
1	14150000	15750000	1	loss	1.50804325718711e-11	5.40456568387526e-13
1	15750000	17750000	13	gain	4.05716622497378e-12	6.66133814775094e-16
1	19400000	29700000	12	gain	5.14486289211003e-49	0
1	31150000	55550000	11	gain	2.66665155320308e-105	0
1	61750000	69000000	8	gain	4.05913226248282e-22	0
1	70200000	71000000	20	gain	1.18220479295516e-08	2.80972989319395e-09
1	74450000	79550000	8	gain	2.06529024770185e-23	0
1	84300000	87250000	16	gain	1.80972573498278e-20	0
1	87250000	104850000	3	gain	2.50240490634851e-48	0
1	107550000	112350000	16	gain	2.37683030797336e-30	0
1	112350000	119900000	6	gain	4.64216723004504e-21	6.77236045021345e-15
1	119900000	163350000	49	gain	3.24609458396606e-191	0
1	163350000	187000000	6	gain	4.06961194975608e-79	0
1	196150000	197750000	26	gain	5.98367202706465e-16	0
1	197750000	200500000	3	gain	8.78292838018697e-06	4.37376101325437e-06
1	200500000	228400000	10	gain	4.2359351459837e-167	0
1	228400000	246650000	3	gain	3.03223910159524e-64	0
1	246650000	249250621	38	gain	3.96936494774062e-23	0
10	0	6600000	5	gain	9.48075671206705e-41	0
10	6600000	11750000	3	gain	2.05922811148848e-20	0
10	11750000	38100000	5	gain	4.09636362956259e-130	0
10	38100000	54200000	15	gain	5.12243687547605e-88	0
10	54200000	65400000	5	gain	1.94448814931705e-65	0
10	69350000	71400000	22	gain	9.55550277645409e-19	0
10	71400000	74600000	3	gain	8.586298757623e-06	0.000226468782143496
10	74600000	77000000	19	gain	5.03116260774154e-17	1.11022302462516e-16
10	81050000	82400000	12	gain	3.85346579676405e-10	5.1878712437059e-10
10	88100000	91550000	13	gain	2.34715742998433e-20	0
10	93150000	106250000	14	gain	1.08968341011295e-65	0
10	115300000	117350000	15	gain	1.39470095901715e-13	6.03961325396085e-14
10	117350000	128250000	4	gain	3.29741519320163e-21	1.11022302462516e-16
10	134950000	135534747	12	gain	0.00019352726318488	0.000131895623258771
11	0	3650000	3	gain	0.574209415705908	0.000316192782744862
11	3650000	10100000	26	gain	6.37139084889281e-49	0
11	32600000	37250000	9	gain	4.66450998994094e-31	0
11	45800000	78300000	15	gain	9.29177474889394e-138	0
11	82400000	90050000	5	gain	4.54614788153613e-26	0
11	100850000	126300000	4	gain	4.06414725844811e-73	0
12	0	5200000	5	gain	3.6433529243363e-15	6.10622663543836e-15
12	6050000	11550000	27	gain	4.45227743988553e-40	0
12	11550000	16150000	7	gain	4.25241029314289e-16	2.49666953777705e-12
12	20700000	22250000	32	gain	2.84632213605908e-15	1.18127729820117e-13
12	22250000	48050000	3	gain	4.01023645441908e-20	0
12	48050000	58400000	17	gain	1.43040798805186e-54	0
12	58400000	66100000	3	gain	6.13942229864611e-08	1.53077550635317e-12
12	66100000	73100000	14	gain	3.64765002120132e-62	0
12	75600000	76000000	19	gain	4.61412473188137e-05	5.26078046563239e-05
12	94500000	97350000	8	gain	0.000251490951423864	3.20037907286519e-08
12	100400000	102600000	18	gain	2.05149583392286e-11	1.4415135751733e-12
12	103950000	104550000	35	gain	4.28594931892166e-06	2.68778830025962e-06
12	105150000	105650000	18	gain	4.4474408903956e-06	1.83880974602424e-06
12	106400000	113950000	10	gain	1.22063245003966e-21	0
12	120100000	124300000	18	gain	5.32253016470287e-28	0
12	124300000	132150000	3	gain	1.05663932711986e-17	0
12	132150000	132800000	19	gain	2.43967987963531e-06	2.5323629931906e-06
12	132800000	133150000	1	loss	0.000103850406913373	0.000104420996082766
12	133150000	133851895	35	gain	4.1240998426211e-08	3.53673252906361e-08
13	0	53450000	5	gain	3.38481057077477e-57	0
13	94900000	103750000	5	gain	1.66459813151946e-14	1.59872115546023e-14
13	107050000	115169878	5	gain	3.53363715710029e-45	0
14	0	22250000	34	gain	1.68126610005884e-32	0
14	22250000	23150000	3	gain	0.000414304575712829	6.24502671420224e-06
14	23150000	25150000	40	gain	6.86791749714361e-19	2.88657986402541e-15
14	25150000	31050000	3	gain	3.2499698110467e-13	0
14	31050000	39950000	5	gain	2.58732111575969e-41	0
14	45300000	45800000	64	gain	3.9512197908476e-07	2.00209834244625e-06
14	45800000	50050000	3	gain	9.23817029249550e-11	9.76996261670138e-15
14	50050000	51500000	21	gain	3.14581824797333e-14	5.71875879984418e-13
14	51500000	78400000	7	gain	9.34351781462548e-118	0
14	78400000	81200000	3	gain	4.04772519495888e-07	3.22944004871317e-10
14	81200000	82000000	25	gain	3.10708550190026e-09	7.11835257405369e-10
14	82000000	88400000	3	gain	3.3496699625468e-11	0
14	88400000	97050000	8	gain	1.42584224496886e-44	0
14	99600000	107349540	6	gain	1.25392715447162e-31	0
15	0	23700000	18	gain	8.86628888660892e-21	0
15	25150000	25700000	26	gain	3.3330071990485e-07	3.30456578212512e-07
15	25700000	33150000	5	gain	2.92236516715318e-26	0
15	34150000	35850000	16	gain	2.44729479313384e-08	4.36571445661116e-08
15	39850000	45900000	20	gain	5.27920037358397e-43	0
15	48400000	53250000	16	gain	4.52945389568723e-26	0
15	55450000	68150000	9	gain	5.02113660417154e-69	0
15	70950000	76650000	13	gain	5.39511527457093e-32	0
15	76650000	84150000	3	gain	6.15631215189541e-14	9.18785048042992e-10
15	84150000	86350000	16	gain	1.09195096071325e-13	1.88737914186277e-15
15	89400000	91600000	21	gain	3.4137856077885e-13	5.24358334530461e-13
15	99400000	102531392	7	gain	8.27841398787219e-14	5.22628607058095e-11
16	0	850000	6	gain	0.00061581062768406	2.82466654902835e-05
16	850000	1350000	1	loss	2.33871063741525e-05	0.000191746331358655
16	1350000	5150000	8	gain	5.92329267467461e-17	0
16	5150000	8700000	1	loss	3.15726168337581e-20	0
16	8700000	11750000	3	gain	0.455051256484365	0.000417980005674612
16	11750000	12150000	14	gain	0.000104520034139435	3.53693432316726e-05
16	12150000	14200000	1	loss	2.38982122587344e-13	8.10462807976364e-15
16	14200000	16500000	15	gain	7.3659186498005e-07	1.54817825226417e-10
16	16500000	18400000	1	loss	4.18900529386122e-10	8.38453306784004e-10
16	18400000	25000000	10	gain	1.49506622534488e-12	0
16	25000000	27100000	1	loss	7.24965952873109e-13	0
16	27100000	48400000	11	gain	6.9090817337798e-51	0
16	55500000	58850000	21	gain	1.85038549684331e-22	0
16	66550000	72200000	24	gain	1.37099275406291e-39	0
16	74250000	75750000	10	gain	3.16805351838652e-09	1.71619940481094e-10
16	89550000	90354753	14	gain	1.85802667957203e-07	7.11965282285121e-08
17	0	2600000	11	gain	4.25148332071382e-12	1.11022302462516e-15
17	2950000	5500000	28	gain	3.88561337396427e-22	0
17	6300000	8850000	31	gain	5.28716375985345e-25	0
17	8850000	10200000	3	gain	0.00251017017954958	0.0229391420871103
17	10200000	10650000	71	gain	4.64469944620503e-07	1.75711670546974e-07
17	11500000	12050000	40	gain	2.16826562573366e-07	1.95251680934483e-07
17	15100000	20950000	18	gain	1.19751055266122e-42	0
17	20950000	26150000	4	gain	0.000586126678267162	0.000143584179745804
17	26150000	26550000	1	loss	0.000480803678925089	0.000841063630070416
17	26550000	31450000	13	gain	4.27856133467105e-18	0
17	31450000	32350000	1	loss	2.15046720238465e-05	3.52556334903831e-07
17	32350000	36550000	18	gain	1.44515131893759e-22	0
17	36550000	36850000	1	loss	0.00512295924742586	0.00792769100871882
17	36850000	49400000	24	gain	1.12455524571839e-100	0
17	49400000	54400000	4	gain	7.89758897392883e-24	0
17	54400000	67350000	15	gain	1.34631028924235e-80	0
17	67350000	72200000	4	gain	2.78668594498344e-21	0
17	72200000	74800000	26	gain	7.90151921004918e-27	0
17	74800000	77100000	3	gain	1.76778474311944e-10	3.18397197496267e-10
17	77700000	81195210	10	gain	1.47389158083585e-19	0
18	0	18700000	6	gain	3.9661061804499e-98	0
18	20450000	22100000	21	gain	2.10117759598676e-15	7.105427357601e-15
18	28550000	34450000	9	gain	1.22599220567554e-33	0
18	43200000	48700000	5	gain	5.84386969879228e-16	0
18	54250000	78077248	4	gain	1.20675639636558e-75	0
19	0	5550000	5	gain	2.16782614397981e-09	1.4432899320127e-15
19	5550000	13300000	19	gain	6.91035615363723e-55	0
19	13850000	14300000	21	gain	1.67590807792793e-05	1.11857320125308e-05
19	14450000	16350000	106	gain	5.91405371228952e-24	0
19	16350000	23050000	18	gain	2.81626433898662e-42	0
19	23050000	32800000	3	gain	2.40659062467905e-21	0
19	32800000	38300000	19	gain	8.99945191987867e-38	0
19	38550000	57350000	26	gain	1.16712830065731e-160	0
19	57600000	59128983	48	gain	9.09169443638319e-18	0
2	0	26000000	3	gain	2.61572010191611e-51	0
2	26000000	29600000	14	gain	4.43505027190901e-25	0
2	29600000	60900000	3	gain	1.85413070333229e-83	0
2	60900000	100300000	4	gain	1.33493111692058e-172	0
2	110300000	114550000	13	gain	9.32541124158575e-28	0
2	114550000	119600000	3	gain	6.61239371275298e-11	3.15303338993544e-14
2	119600000	121150000	11	gain	1.63991421808724e-12	2.25375273998907e-14
2	127800000	129050000	14	gain	2.41318324063237e-09	2.65972810442605e-09
2	130700000	133250000	14	gain	1.5745932040251e-17	0
2	158050000	193100000	5	gain	5.86978576083954e-163	0
2	196500000	199050000	15	gain	6.81387228506765e-15	2.05058192648266e-13
2	201350000	204650000	20	gain	8.8037731327646e-21	0
2	204650000	218900000	3	gain	1.3485470671519e-26	0
2	218900000	220550000	21	gain	2.67300331153468e-16	0
2	227650000	235000000	10	gain	2.54282023630131e-33	0
2	242000000	243199373	13	gain	2.17681306075001e-07	3.87358199072096e-07
20	0	3950000	19	gain	6.90696236122465e-29	0
20	3950000	24900000	3	gain	1.94844447409704e-63	0
20	24900000	37700000	23	gain	6.61987986689965e-81	0
20	37700000	42050000	3	gain	4.20340332446456e-12	2.55351295663786e-15
20	42050000	45400000	18	gain	3.01144507562949e-28	0
20	45400000	60400000	3	gain	3.88737865608779e-42	0
20	60400000	63025520	10	gain	2.81590949992623e-12	9.46021039283096e-13
21	0	17600000	9	gain	7.0464940047867e-29	0
21	19600000	19800000	32	gain	0.00170022416495567	0.00228600385440858
21	22650000	22850000	14	gain	0.00696809720176684	0.00650925337175967
21	26900000	28800000	3	gain	7.27548972001238e-06	0.000329901372226327
21	30200000	30550000	25	gain	8.59813523916208e-05	0.000102710060728928
21	30550000	43150000	6	gain	2.18525927413973e-59	0
21	43150000	48129895	19	gain	1.06081915320893e-40	0
22	0	26150000	18	gain	1.61077881617919e-72	0
22	26150000	26650000	3	gain	0.012880172622924	0.000350731141568694
22	26650000	27050000	34	gain	8.76418313218375e-06	4.8697385177654e-06
22	27050000	29350000	3	gain	7.99941979232465e-09	2.91300317201149e-11
22	29350000	33000000	25	gain	1.94937176855653e-32	0
22	33000000	34050000	4	gain	3.88297224643869e-05	3.66023270262916e-05
22	34050000	35450000	3	gain	0.000887267692736136	2.59293036708463e-07
22	35450000	47450000	14	gain	5.70905566283857e-77	0
22	47450000	50150000	3	gain	8.65874326197904e-07	1.71795910830497e-12
22	50150000	51304566	20	gain	8.01296095163942e-09	4.48827290888687e-08
3	1150000	13000000	5	gain	3.74752798640227e-67	0
3	13000000	36400000	3	gain	4.54080238296594e-81	0
3	36400000	50850000	14	gain	2.52315105967201e-77	0
3	51700000	53950000	18	gain	1.0924919768997e-11	1.89659399296715e-12
3	57100000	58900000	15	gain	8.47607508447586e-12	3.67950114821269e-12
3	85700000	101600000	4	gain	1.40289877492798e-56	0
3	101600000	111250000	3	gain	1.10360251090962e-17	0
3	111250000	114100000	32	gain	6.27064765608673e-24	0
3	114100000	118850000	3	gain	1.30487523348617e-07	5.60662627435704e-14
3	118850000	126500000	16	gain	1.11052472608319e-48	0
3	126500000	161150000	3	gain	8.53244539561332e-96	0
3	166400000	182500000	3	gain	4.56912033377293e-36	0
3	182500000	184150000	30	gain	8.78926889103903e-18	1.11022302462516e-16
3	184150000	195000000	3	gain	3.88124076958599e-26	0
3	195000000	198022430	16	gain	2.84936917891826e-20	0
4	0	10050000	4	gain	0.00103237114394493	0
4	24500000	27050000	4	gain	0.465556677425323	0.000147338324616109
4	37550000	43050000	4	gain	0.055559172242091	5.61164327228525e-08
4	46900000	60700000	4	gain	6.87389991633543e-42	0
4	68250000	71700000	25	gain	2.01497276267668e-24	0
4	87700000	90050000	16	gain	2.59498598796744e-10	3.96349619791181e-13
4	98850000	116100000	3	gain	4.1263681919322e-08	0
4	118950000	124050000	7	gain	3.95240644159851e-08	3.35442784660245e-12
4	128550000	129250000	17	gain	1.17221429040956e-05	3.56984978944208e-06
5	0	50150000	5	gain	6.38968105675215e-231	0
5	54250000	55600000	13	gain	6.89839900208283e-09	6.27938034902797e-10
5	63800000	65500000	8	gain	1.08853697468641e-07	9.33546906445315e-10
5	68400000	83550000	5	gain	1.16439283578612e-09	0
5	92900000	96550000	5	gain	8.0949307821134e-06	2.07445949307328e-09
5	125750000	135300000	5	gain	9.93395780536906e-06	1.11022302462516e-16
5	136950000	141450000	20	gain	3.21655788618788e-27	0
5	145100000	151350000	12	gain	3.68147094719396e-29	0
5	156250000	158800000	8	gain	9.6672263850839e-19	0
5	158800000	161600000	3	gain	0.000126636084243307	0.00339988126340651
5	167750000	174850000	4	gain	7.35887146742631e-13	2.09621320301778e-10
5	174850000	180915260	30	gain	1.77148137024164e-55	0
6	23850000	57700000	13	gain	1.07398481483497e-199	0
6	106500000	112700000	10	gain	1.50287577158798e-24	0
6	116250000	161850000	4	gain	1.47684645170829e-176	0
7	0	3950000	1	loss	1.47105850244807e-06	3.66291952325071e-09
7	3950000	8300000	7	gain	3.26252181376252e-06	3.84137166520304e-14
7	19700000	40200000	3	gain	0.00149961853960598	0
7	43350000	66800000	5	gain	3.34810785598063e-100	0
7	66800000	72050000	1	loss	7.68550238333146e-27	0
7	72050000	77050000	11	gain	9.23484575665355e-19	0
7	86350000	108250000	8	gain	3.48035875659241e-83	0
7	108250000	116300000	3	gain	8.93635118416718e-11	1.45883305435746e-13
7	116300000	117550000	28	gain	1.46449288583943e-12	4.18154399994819e-12
7	117550000	142550000	4	gain	3.76026304464069e-82	0
7	142550000	144350000	50	gain	7.52042923412355e-20	0
7	147800000	152600000	6	gain	2.19095580097409e-08	8.65973959207622e-15
8	0	700000	3	gain	0.962433902917701	0.291656774379221
8	700000	1700000	1	loss	2.12026943305012e-10	1.14040998866471e-11
8	1700000	2100000	10	gain	0.0023439500990821	0.00767376496992789
8	6250000	8250000	12	gain	1.27148265771198e-12	6.32827124036339e-15
8	11600000	12300000	14	gain	3.27498829505256e-06	2.09838234477289e-06
8	16850000	17650000	13	gain	1.80979006313455e-05	1.37213394413305e-05
8	20000000	20150000	23	gain	0.0135789524938582	0.0284889837496404
8	20150000	21750000	1	loss	7.92866377680356e-13	1.56541446472147e-14
8	21750000	23350000	10	gain	3.72494438907111e-08	3.20221626992634e-12
8	24150000	24400000	39	gain	0.000289243075086945	0.000365864111413039
8	26150000	28950000	9	gain	1.69850347590624e-06	2.9856894734337e-11
8	28950000	29850000	1	loss	0.000225317341193661	5.28241958769327e-05
8	29850000	31100000	9	gain	1.83359493574177e-08	3.43755635068277e-09
8	32450000	32650000	20	gain	0.00436619654408858	0.00570796906740112
8	33200000	33500000	11	gain	0.00133225766723447	0.000949898763004109
8	35350000	35650000	14	gain	0.00350694300592531	0.00761172510966579
8	37550000	39050000	9	gain	2.91687572025269e-06	3.21047989304546e-07
8	39400000	39700000	17	gain	0.000364593825206937	0.000235605695047991
8	41450000	43500000	11	gain	1.88205338947556e-07	5.8308136097196e-10
8	47450000	48700000	10	gain	3.03353525663723e-07	5.04357711372805e-07
8	48700000	51300000	3	gain	4.76033376171702e-06	9.97837436012006e-08
8	51300000	51750000	19	gain	2.6582111376447e-05	5.38817185700147e-05
8	51750000	67300000	3	gain	1.80231491001342e-49	0
8	67300000	68500000	31	gain	7.5644401730442e-12	1.56766821746146e-11
8	68500000	85550000	4	gain	7.05552358709548e-80	0
8	85550000	87800000	11	gain	1.84497011369643e-17	0
8	87800000	94650000	3	gain	1.85129490936184e-27	0
8	94650000	96100000	16	gain	4.9703933651461e-13	4.81292783405252e-11
8	96100000	100000000	4	gain	2.74498409811445e-18	0
8	100000000	114800000	6	gain	3.62889393626589e-100	0
8	114800000	115900000	3	gain	0.00061449101498455	3.29845014357399e-06
8	115900000	133550000	5	gain	5.84730714844474e-104	0
8	133550000	146364022	6	gain	3.62129829308798e-82	0
9	0	500000	14	gain	4.02191977267371e-05	2.32848237244898e-05
9	4500000	7200000	10	gain	1.7685506827202e-10	7.43849426498855e-15
9	13950000	16000000	7	gain	0.00119476415390622	3.46843419540832e-07
9	18450000	22050000	9	gain	2.36227625884469e-08	9.52127265918534e-13
9	26800000	44350000	7	gain	2.67159141916824e-63	0
9	46650000	73550000	9	gain	3.31097021806821e-20	0
9	73550000	94750000	3	gain	3.06368896616215e-29	0
9	94750000	104500000	12	gain	8.71154644448353e-65	0
9	104500000	111600000	3	gain	1.31601483990765e-21	0
9	111600000	120000000	9	gain	2.96546286856699e-48	0
9	120000000	123150000	3	gain	2.205999398252e-09	2.1094237467878e-13
9	123150000	141213431	10	gain	4.00312179749637e-81	0
X	0	46250000	1	loss	6.55803889920391e-57	0
X	46250000	49500000	14	gain	1.16394885073825e-18	0
X	49500000	69150000	3	gain	2.00344358622378e-10	0
X	69150000	87650000	4	gain	6.03640842312145e-91	0
X	91050000	133500000	3	gain	3.51892210934351e-85	0
X	133500000	136150000	21	gain	9.71640288326751e-21	0
X	150750000	155270560	17	gain	3.18165413629397e-22	0
Y	0	4900000	1	loss	4.39446949556672e-20	0
Y	4900000	5000000	41	gain	0.0395699826609996	0.112467134982677
Y	5000000	5700000	1	loss	0.0175208788902739	0.00263944322364651
Y	5700000	13400000	0	loss	5.06462603692233e-39	0
Y	13400000	13900000	23	gain	3.96707900893686e-05	9.3711810814745e-05
Y	13900000	14050000	1	loss	0.123288654546921	0.139844978499272
Y	14050000	14150000	6	gain	0.11546003233959	0.153279972311163
Y	14150000	15300000	1	loss	5.22259853440834e-07	1.76387286998647e-08
Y	15300000	15500000	5	gain	0.0407560389170372	0.0180947573920348
Y	15500000	16900000	1	loss	4.71383511532293e-12	1.35447209004269e-13
Y	16900000	17000000	7	gain	0.108642344281753	0.135830529214162
Y	17000000	59373566	1	loss	4.0041998595777e-103	0
